0,
1,11,11,16,-1914,-3548,-296,
0,0,0,0,0,0,0,
1,18,10,0,0,0,4096,
0,0,0,0,0,0,0,
14,14,16,
10,10,10,
14,14,16,
8,8,11,

7200,
1,11,11,16,-1914,-3548,-296,
0,0,0,0,0,0,0,
1,0,0,6,0,0,4096,
0,0,0,0,0,0,0,
14,14,16,
10,10,10,
14,14,16,
8,8,11,

8100,
1,12,12,18,-1934,-3548,-296,
0,0,0,0,0,0,0,
1,0,1,6,0,0,4096,
0,0,0,0,0,0,0,
10,10,14,
13,13,13,
8,8,14,
10,10,12,

9000,
1,12,12,22,-1934,-3548,-296,
0,0,0,0,0,0,0,
1,0,1,6,0,0,4096,
0,0,0,0,0,0,0,
11,11,13,
10,10,10,
10,10,14,
13,13,14,

14400,
1,15,15,22,-1914,-3548,-296,
0,0,0,0,0,0,0,
1,0,1,6,0,0,4096,
0,0,0,0,0,0,0,
12,12,12,
8,8,8,
12,12,14,
14,14,18,

20700,
1,18,18,21,-1914,-3548,-296,
0,0,0,0,0,0,0,
1,0,4,9,0,0,4096,
0,0,0,0,0,0,0,
13,13,13,
9,9,9,
14,14,15,
14,14,16,

21600,
1,22,22,20,-1914,-3548,-296,
0,0,0,0,0,0,0,
1,0,4,9,0,0,4096,
0,0,0,0,0,0,0,
15,15,15,
9,11,11,
16,16,16,
14,14,14,

27000,
1,24,24,20,-1914,-3548,-296,
0,0,0,0,0,0,0,
1,0,4,9,0,0,4096,
0,0,0,0,0,0,0,
16,16,16,
10,12,12,
18,18,18,
14,14,14,

27900,
1,22,22,18,-1934,-3548,-296,
0,0,0,0,0,0,0,
1,4,4,10,0,0,4096,
0,0,0,0,0,0,0,
15,15,15,
11,12,12,
17,17,17,
13,13,13,

30600,
1,20,18,16,-1934,-3548,-296,
0,0,0,0,0,0,0,
1,3,4,10,0,0,4096,
0,0,0,0,0,0,0,
15,15,15,
11,12,12,
17,17,17,
12,11,11,

32400,
1,19,16,12,-1914,-3548,-296,
0,0,0,0,0,0,0,
1,16,6,0,0,0,4096,
0,0,0,0,0,0,0,
15,15,15,
11,12,12,
17,17,17,
8,8,7,

33300,
1,17,13,10,-1934,-3548,-296,
0,0,0,0,0,0,0,
1,14,6,0,0,0,4096,
0,0,0,0,0,0,0,
14,14,14,
12,12,12,
16,16,16,
9,7,7,

34200,
1,16,13,10,-1934,-3548,-296,
0,0,0,0,0,0,0,
1,12,4,0,0,0,4096,
0,0,0,0,0,0,0,
14,14,14,
12,12,12,
14,14,16,
9,8,7,

36000,
1,11,12,15,-1934,-3548,-296,
0,0,0,0,0,0,0,
1,18,10,0,0,0,4096,
0,0,0,0,0,0,0,
14,14,14,
12,12,12,
14,14,16,
8,8,9,

43200,
1,11,11,16,-1914,-3548,-296,
0,0,0,0,0,0,0,
1,18,10,0,0,0,4096,
0,0,0,0,0,0,0,
14,14,16,
10,10,10,
14,14,16,
8,8,11,

EOF